0 0.260121 0.218701 0.020243 0.019291
0 0.296559 0.219291 0.023279 0.018110
0 0.329960 0.218307 0.017206 0.016142
0 0.368674 0.219291 0.017713 0.018110
0 0.410172 0.219488 0.016700 0.016929
0 0.448634 0.216732 0.029858 0.021654
0 0.483553 0.217323 0.014676 0.016535
0 0.523279 0.217323 0.026316 0.022047
0 0.571862 0.216732 0.027328 0.024016
0 0.575152 0.241339 0.019737 0.014173
0 0.609565 0.216535 0.014676 0.023622
0 0.643219 0.216929 0.018219 0.025197
0 0.673836 0.216339 0.012652 0.024016
0 0.258856 0.282087 0.020749 0.023228
0 0.260121 0.241732 0.009109 0.007874
0 0.412702 0.241339 0.013664 0.015748
0 0.284666 0.281693 0.015688 0.024016
0 0.327935 0.282087 0.028340 0.024016
0 0.372470 0.281299 0.023279 0.023228
0 0.414727 0.283858 0.017713 0.019685
0 0.453188 0.283858 0.016700 0.018110
0 0.490638 0.281496 0.025810 0.024409
0 0.527075 0.283661 0.017713 0.016929
0 0.570597 0.284055 0.016700 0.017717
0 0.602733 0.280906 0.016194 0.024016
0 0.635628 0.284646 0.019231 0.018110
0 0.675354 0.280709 0.015688 0.025984
0 0.258350 0.306496 0.009615 0.008268
0 0.414727 0.306890 0.014676 0.014567
0 0.576923 0.306299 0.017206 0.014961
0 0.258097 0.371260 0.010121 0.007874
0 0.411690 0.372047 0.012652 0.014173
0 0.576164 0.371654 0.016700 0.017323
0 0.261387 0.347244 0.026822 0.029134
0 0.294281 0.346063 0.012652 0.025984
0 0.333502 0.350787 0.018219 0.017323
0 0.373482 0.346260 0.017206 0.025591
0 0.409919 0.349409 0.015182 0.017717
0 0.439777 0.348622 0.019231 0.017717
0 0.478239 0.346457 0.025304 0.023622
0 0.524545 0.348031 0.027834 0.022835
0 0.567055 0.345472 0.015688 0.024803
0 0.603239 0.347047 0.025304 0.020866
0 0.640688 0.345472 0.024291 0.022441
0 0.670294 0.348622 0.017713 0.017717
0 0.717105 0.216732 0.028340 0.022441
0 0.712804 0.241732 0.012652 0.015748
0 0.754555 0.216535 0.024291 0.022835
0 0.792004 0.219488 0.018219 0.017717
0 0.828441 0.219882 0.016194 0.016929
0 0.713057 0.284646 0.020243 0.018110
0 0.748988 0.281102 0.017206 0.025197
0 0.786437 0.284252 0.026316 0.017323
0 0.832996 0.282874 0.015182 0.016929
0 0.712298 0.307087 0.011640 0.014173
0 0.709514 0.349213 0.016194 0.017323
0 0.749241 0.346654 0.016700 0.024803
0 0.788968 0.350197 0.019231 0.017717
0 0.825405 0.346654 0.016194 0.024803
0 0.712298 0.372047 0.012652 0.014961
1 0.539221 0.148228 0.054150 0.024803
2 0.545294 0.288386 0.610830 0.206693
1 0.534160 0.572441 0.067308 0.022835
0 0.254555 0.628740 0.025304 0.017323
0 0.257085 0.651969 0.024291 0.023622
0 0.293016 0.653937 0.019231 0.017323
0 0.327682 0.653937 0.017713 0.005512
0 0.368421 0.654331 0.014170 0.016535
0 0.408148 0.651378 0.017713 0.024803
0 0.443067 0.654134 0.017713 0.017717
0 0.483806 0.654528 0.018219 0.016929
0 0.522773 0.651772 0.019231 0.024016
0 0.562753 0.653937 0.017206 0.018110
0 0.594130 0.654134 0.016194 0.005906
0 0.628796 0.654528 0.017713 0.005906
0 0.664980 0.654921 0.016194 0.004331
0 0.707996 0.629134 0.015182 0.019685
0 0.706478 0.654724 0.016194 0.017323
0 0.253543 0.689961 0.018219 0.018504
0 0.252530 0.712205 0.010121 0.007874
0 0.289980 0.691339 0.025304 0.019685
0 0.325658 0.688583 0.013664 0.015748
0 0.362348 0.688976 0.028340 0.024409
0 0.408401 0.690748 0.017206 0.016929
0 0.441549 0.690157 0.019737 0.018110
0 0.480263 0.690354 0.020243 0.017717
0 0.522014 0.691535 0.018725 0.016929
0 0.567561 0.691339 0.026822 0.017323
0 0.595142 0.689961 0.014170 0.014567
0 0.632844 0.689764 0.011640 0.014961
0 0.670547 0.689370 0.012146 0.015748
0 0.711791 0.687795 0.023785 0.024409
0 0.408148 0.713189 0.012652 0.013780
0 0.570091 0.712008 0.018725 0.013780
0 0.707237 0.713386 0.014676 0.016535
0 0.256326 0.755118 0.027834 0.018110
0 0.297571 0.752165 0.014170 0.024016
0 0.336032 0.756102 0.019231 0.016142
0 0.368674 0.751575 0.013664 0.023622
0 0.408148 0.756890 0.018725 0.017717
0 0.443067 0.753543 0.017713 0.023622
0 0.481275 0.756693 0.014170 0.017323
0 0.522773 0.755709 0.019231 0.016142
0 0.563512 0.755512 0.015688 0.016535
0 0.595142 0.751969 0.018219 0.022835
0 0.629302 0.756890 0.020749 0.017717
0 0.667257 0.752362 0.016700 0.023622
0 0.706478 0.756299 0.021255 0.019685
0 0.736589 0.752953 0.016700 0.025591
0 0.252024 0.788780 0.021255 0.024016
0 0.288209 0.788780 0.025810 0.024016
0 0.328694 0.789764 0.027834 0.025197
0 0.363613 0.789173 0.025810 0.024016
0 0.410172 0.792913 0.027834 0.019685
0 0.445344 0.791732 0.015182 0.014173
0 0.478745 0.792520 0.019231 0.018110
0 0.520749 0.792520 0.020243 0.018110
0 0.566043 0.788780 0.024798 0.023228
0 0.597419 0.792126 0.018725 0.018110
0 0.631073 0.791929 0.018219 0.017717
0 0.663968 0.792323 0.018219 0.017717
0 0.706478 0.792323 0.024291 0.018504
0 0.564524 0.729921 0.017713 0.019685
0 0.748482 0.652165 0.020243 0.022441
0 0.789980 0.654921 0.019231 0.017717
0 0.828947 0.650394 0.015182 0.024409
0 0.750506 0.690551 0.019231 0.019685
0 0.790233 0.689764 0.023785 0.025984
0 0.823128 0.691142 0.017713 0.016142
0 0.772773 0.756693 0.027328 0.017323
0 0.818573 0.757677 0.027834 0.018504
0 0.741144 0.792126 0.015688 0.014961
0 0.778340 0.792323 0.020243 0.017717
0 0.823128 0.792913 0.021761 0.016535
0 0.706225 0.814370 0.013664 0.015354
0 0.703694 0.857677 0.016700 0.020079
0 0.739626 0.853740 0.016700 0.023228
0 0.781123 0.857283 0.019737 0.016929
0 0.827176 0.854331 0.017713 0.023622
0 0.822368 0.893307 0.017206 0.018898
0 0.786437 0.892520 0.015182 0.018110
0 0.748988 0.892717 0.015182 0.016929
0 0.705719 0.892520 0.017713 0.016535
0 0.705466 0.913386 0.014170 0.012598
0 0.569079 0.813976 0.019737 0.014567
0 0.663968 0.857480 0.022267 0.018110
0 0.665486 0.892323 0.020243 0.016929
0 0.629302 0.892520 0.018725 0.018898
0 0.629555 0.854921 0.024291 0.021654
0 0.595395 0.854921 0.027834 0.021654
0 0.601721 0.892717 0.014170 0.017717
0 0.568573 0.914173 0.021761 0.016535
0 0.567308 0.889567 0.029352 0.022441
0 0.559717 0.853937 0.013158 0.023622
0 0.563259 0.830709 0.025304 0.018898
0 0.250759 0.813780 0.008603 0.008661
0 0.406377 0.814764 0.011134 0.015354
0 0.248735 0.833071 0.021761 0.013386
0 0.253543 0.856890 0.024291 0.028740
0 0.285678 0.854528 0.014676 0.025591
0 0.324646 0.857283 0.018725 0.016929
0 0.363866 0.853346 0.020243 0.024803
0 0.405364 0.857480 0.016194 0.017323
0 0.437247 0.858071 0.019231 0.016929
0 0.476468 0.854528 0.023785 0.024016
0 0.514929 0.856299 0.027834 0.023622
0 0.253543 0.893110 0.027328 0.016142
0 0.286437 0.892126 0.013158 0.015748
0 0.321862 0.893898 0.014170 0.017717
0 0.363360 0.892913 0.020243 0.018110
0 0.409919 0.893110 0.018219 0.017717
0 0.441549 0.892913 0.017713 0.017323
0 0.481781 0.893110 0.020243 0.017717
0 0.521002 0.892913 0.015688 0.018110
0 0.404099 0.913189 0.009615 0.012205
0 0.247470 0.914370 0.011134 0.009055
2 0.543016 0.768701 0.622470 0.320866
