1 0.419787 0.123425 0.058198 0.027953
1 0.410931 0.570472 0.066802 0.025197
0 0.130567 0.605709 0.019231 0.019291
0 0.132591 0.630512 0.016194 0.016929
0 0.167510 0.631693 0.016194 0.016142
0 0.206984 0.628346 0.027328 0.022835
0 0.248735 0.631102 0.015688 0.015748
0 0.291498 0.631102 0.017206 0.017323
0 0.332743 0.631890 0.019737 0.017323
0 0.374747 0.632480 0.017713 0.017717
0 0.406123 0.631693 0.017713 0.006693
0 0.293775 0.604921 0.016700 0.018504
0 0.331984 0.607480 0.014170 0.015748
0 0.448634 0.628346 0.017713 0.024409
0 0.477733 0.629528 0.017206 0.025197
0 0.507844 0.629331 0.018725 0.024016
0 0.548583 0.629331 0.020243 0.027165
0 0.548583 0.608268 0.020243 0.015748
0 0.590840 0.632677 0.014676 0.017323
0 0.628543 0.632874 0.019231 0.004331
0 0.134615 0.669685 0.019231 0.022047
0 0.170547 0.667323 0.018219 0.018898
0 0.211285 0.664370 0.025810 0.023228
0 0.250759 0.666929 0.019737 0.018110
0 0.291245 0.662598 0.020749 0.026772
0 0.335273 0.666732 0.015688 0.016142
0 0.373735 0.664764 0.020749 0.025591
0 0.409160 0.666535 0.013664 0.015748
0 0.448887 0.670472 0.021255 0.021260
0 0.477227 0.668307 0.019231 0.016929
0 0.517206 0.669291 0.029352 0.018110
0 0.549848 0.668110 0.014676 0.015748
0 0.591599 0.666339 0.016194 0.025591
0 0.628796 0.668307 0.014676 0.016142
0 0.135121 0.689961 0.009109 0.008268
0 0.291751 0.689173 0.012652 0.013780
0 0.454706 0.690354 0.017713 0.014567
0 0.591599 0.692520 0.015182 0.014173
0 0.134868 0.706496 0.015688 0.018504
0 0.180162 0.709055 0.014170 0.014173
0 0.250000 0.705512 0.017206 0.019685
0 0.594889 0.710433 0.024798 0.022441
0 0.133856 0.733268 0.017713 0.019291
0 0.174848 0.731102 0.023785 0.024409
0 0.212298 0.731890 0.016700 0.016535
0 0.250759 0.731693 0.015688 0.016929
0 0.290486 0.732283 0.019231 0.005512
0 0.334008 0.728740 0.017206 0.022835
0 0.369939 0.732677 0.022267 0.018898
0 0.405870 0.729331 0.016194 0.024803
0 0.445344 0.732874 0.019231 0.018504
0 0.470901 0.729331 0.014676 0.027165
0 0.498482 0.729528 0.012146 0.012598
0 0.510881 0.728150 0.012652 0.018504
0 0.522520 0.730315 0.012652 0.013386
0 0.551113 0.729921 0.015182 0.025984
0 0.596660 0.734646 0.026316 0.017323
0 0.630567 0.731102 0.018219 0.024409
0 0.662196 0.734449 0.026822 0.019291
0 0.702176 0.735039 0.021761 0.004724
0 0.663715 0.668110 0.014676 0.016535
0 0.704453 0.668110 0.012146 0.015748
0 0.660172 0.633858 0.015688 0.003150
0 0.701417 0.634449 0.018219 0.004331
0 0.136134 0.770079 0.020243 0.022835
0 0.176113 0.768701 0.018219 0.018504
0 0.210020 0.768110 0.019231 0.019685
0 0.246964 0.768110 0.027328 0.017323
0 0.290992 0.767126 0.014170 0.014567
0 0.329960 0.765551 0.017206 0.024016
0 0.373482 0.765551 0.024291 0.024016
0 0.409666 0.767520 0.014676 0.014567
0 0.451417 0.771457 0.019231 0.020079
0 0.474443 0.769094 0.017713 0.017717
0 0.500253 0.764370 0.014676 0.015354
0 0.512146 0.763583 0.007085 0.012992
0 0.521255 0.764173 0.008097 0.011811
0 0.546812 0.768504 0.022773 0.024409
0 0.595142 0.770276 0.027328 0.017717
0 0.633603 0.769094 0.013158 0.014567
0 0.662449 0.766535 0.018219 0.023622
0 0.706731 0.769685 0.012652 0.015748
0 0.591093 0.792323 0.013158 0.013780
0 0.455719 0.791732 0.019737 0.014961
0 0.292004 0.790945 0.012146 0.013386
0 0.369686 0.810039 0.016700 0.012205
0 0.448128 0.833071 0.013664 0.017323
0 0.478745 0.833268 0.015182 0.016142
0 0.513664 0.833858 0.016194 0.006299
0 0.546306 0.831890 0.024798 0.022835
0 0.591346 0.808465 0.022773 0.017717
0 0.592864 0.830906 0.017713 0.023228
0 0.627530 0.833661 0.018219 0.017717
0 0.667763 0.834646 0.015688 0.016535
0 0.703694 0.835827 0.016700 0.004724
0 0.705972 0.870079 0.014170 0.015748
0 0.663715 0.867126 0.015688 0.024803
0 0.627024 0.868701 0.011134 0.012992
0 0.594130 0.870669 0.023279 0.018504
0 0.592105 0.891732 0.012146 0.014961
0 0.553644 0.869094 0.022267 0.018504
0 0.513664 0.867717 0.015182 0.014961
0 0.477733 0.866535 0.026316 0.022047
0 0.447874 0.871063 0.019231 0.021654
0 0.456984 0.890748 0.017206 0.012992
0 0.134615 0.789961 0.008097 0.005906
0 0.143472 0.809055 0.024798 0.022047
0 0.139676 0.832480 0.025304 0.018504
0 0.182186 0.832087 0.029352 0.016929
0 0.215587 0.828740 0.015182 0.025197
0 0.252024 0.830709 0.014170 0.024409
0 0.292763 0.833661 0.020749 0.018504
0 0.292763 0.807283 0.016700 0.019291
0 0.325658 0.829134 0.017713 0.022835
0 0.365385 0.829331 0.017206 0.024803
0 0.407136 0.833071 0.018725 0.007087
0 0.137146 0.870276 0.021255 0.023228
0 0.136387 0.888780 0.008603 0.009055
0 0.184464 0.865748 0.023785 0.022047
0 0.221660 0.868307 0.016194 0.016142
0 0.253796 0.868898 0.016700 0.015748
0 0.293522 0.864961 0.016194 0.022835
0 0.293522 0.889370 0.011134 0.014173
0 0.326923 0.867323 0.012146 0.014961
0 0.365891 0.864961 0.015182 0.023622
0 0.408148 0.867913 0.013664 0.016142
